type=continuous
  projection=albers_nad83
  missing_value=-999900.
  dy=0.00083333333
  dx=0.00083333333
  known_x=1
  known_y=1
  known_lat=38.860881738862304
  known_lon=-77.04903814481347
  truelat1=45.5
  truelat2=29.5
  stdlon=-77.03451915155296
  wordsize=4
  endian=big
  signed=no
  tile_x=35
  tile_y=26
  tile_z=132
  units="dimensionless"
  scale_factor=0.0001
  description="Urban_Parameters"
